6 Α11111117 11011 BOTANIK. BAND 10. Nzo 13.

1311001113 bli grundare (11301311 1 031111113 0111 00111 (10 111111 111170011-
lade 11-1113110110 9313118011011011, 311 »Stud. &.» sid. 78). 83113113
bredtsmds-ff.‚¹ 111711113 11111113 11301311 31111(1 310 031110100 111-
913813ᾶο lati-fs. (se »Skand. ff. 31 R. 81. » sid. 5) 031111 3111113111
113 03100100 breda fodersmablad, 13 17311118011 011 03 011113 11100011ἀο
mot de mindre 101311(113(10 11113, 311 111311 11113991 01111110 1011110(13
1138011 01311101139 med dessa, om ej kontinuerliga 001101 31 11101131111.
vid noggrannare formstudium 110111111100 101111οᾶ130311111131111311801.
Β1311(1 andra 1731131101101 1 011113 1131100οῃ(1011 1131 3183111111311 011
1111013811 018 10110108011130 11991113111031111101, 113111118011 311 blad-
011311011 (1100 sydliga 0011 173011183 11. 10371111011101) 1111 1311 01113-
81311ᾶῑ11003 - CHRIST grundade 1. ex. 93 (1011113 1131311131· 0111
ρῃοηοορρῆαἷα, 0101311311ᾶο 011 1101131 03 1131111310 1100131113ᾰο 11.
1110(1 131181099183 0111313 1113(1 ((13131 101111οῐ1 pycnocesal, 00111
1 11001111111111831 11011111101 311 31117311(130).

Denna 01013 1113118101111181101 1110111 11173130 hufvudtyp hos
qlf. har 1013111οἁ1 ΜΑΤο0οΝ 311 1199013113 011 01011 311131 11. 00111
090013131101 —— redan 101 113813 31 00(1311 1311113ἁο 11311 11111101 011
111111(113131 — 11173131 0310000 011 1101131 11011111101 311 11101017313
111731 0900131311 31 ql. Sa litet 00111 3111111 1138011 031101· 101111111-
10(1111118 11311 311000 vunnen — 31 1131 0117311 01111(113(10 311101111111831
3111111 131181 1111110110 311 11110(1111118011 31 9111113 —— anser jag (101
11301 311 3111111 03 131180 1 3111113111101 11033 018 1110(1 011 10111111011191011
qlf. 101 11173130 0900131311 31 ql„ 01111111 338 831113 1111011811νο1· 0311-
11011111101011 31 311 11311 en 03(1311 11311 113 11111111131 018,03101111(111
011113 11311101. 11013 11311 11013311 3101111(13 11. 31 qlf. (00. 0111181 111111
1311110 111 fricans) 0011 (10113 1111 011 813(1 31 11101110101111011118, 00111
11311 1101311183 1111 119901311311(10 31 01111(1 0900131311 (311 ql. hodo-
phila, perqlazcca). Men (10113 11311 31(1118 1110(1 1138011 0311011101
3180130 3111131 311 80110111 0011311311ᾶο 0011 11013 31 1011031133 under-
001111111831 1 10117311ᾶο 1131111011 31 011 010110 311131 01111301011, 83011ᾰο
111 93 311 1301013113 11173(1 00111 1110111 11173130 011113ᾶο 171031 018 17313
111111 111013011ᾶο, 110ηο131113 10111101 0011 11173(1 00111 0110301 171031 018
vara 11111311183 1110111111131101101, 0111 311 03 08011ἁο1111183. Vi 13
1109930, 311 3111 11013 0170110113 botanophili 111110000130 101 (10113
0138 31 101011111118, 1 01. 1. 311 111111110 0110301 113 03111131, 031101118οη
111001 1 101311 31 111101 93 17381οἀ311ᾶο 1111013101.

Afven sedan 338 111111711 11131 011701 11101ον31181101011 111011311
ql. och ylf„ (1103010 (101 131180 11111311 jag kunde 11100 0311111311ᾰο1

 

1Β1·0(1131101011. 1199113ἀ3 111νο11 hos ql. men sallsyntare och vanligen
mycket mindre utpraglade 311 1100 ylf.

