42 ARKIV 1011 BOTANIK. BAND 10. N:o ll.

(16165 176611611 svart- 61161 1116ν101611161ἓ6ἁ6 ytterfjffll 61 Τ. cyano-
lepis 611 61 vara 1611651 igenk'atnnliga och 111651 116161116115115116
61161. Η611111 11011111161 (1611 116161116115115116 10111161] 61 bladssi-
karna 0611 611(1101161116, 50111 15)]1111611161 101161161 exemplar 11611
naturlig angsmark 61161 111111611(16 10116161 611 ibgonenfallande och
56106165 utpragladt utseende. Ηο5 (16 116516 individ 610 116111-
ligen de 0116 101161116 breda, 01611(16(16, svagt klolikt bbjda med
516111616 11ν611(1 0116 0611 51768616 11111(16(]. 1111(116 116111 561111 610
aftrubbade med udd 61161 110115ρ6156(16 0611 51116 1611 1161111666
1111111 hvarandra 61161 1116(1 111011 6111)*(1ᾶ61111611011161. Β611116
1116(1101111 1161165 15)*1111611161 1105 10111161, ν611611(16 116 naturlig
61161 011111116(1 mark. Andloben blir 1105 (16556 11011 0611 bred,
11611016(1(16(1 1116(1 konvcxa 51(101 5611111 116ᾱ61111116ᾶ6, breda sido-
101161, 0611 61 m. 61. 111. 6111111(16(1 61161 11011 tillspetsad. Ηο5 611
510116 61161 111111(116 611161 1116(1, 15)(1111611161 1105 (16 11116, 1111 1111161116
111616 (161101(1151161 61161 1. 0. m. triangulz‘tra 0011 spetsigare 561111
116 5111 0116 116111 111. 61. m. 1611 syltandade. Isynnerheb 1111161161
detta 1105 kraftigare 10111161, 0611 1105 111(1616110111161 1111 1010611161
(1611611116 0116 langre, 511161616 0611 kraftigare tandade 561111 611(1-
101161116 spetsigare 0611 0116 1611816, 15)]1111611161 116 (16 11116 bladen.
Vanligen 111ν6611165 1105 (16 116516 10111161 ej nfitgra 1111611011161,
111611 1105 611 (161 111(1616110111161 111111116 (16 1111 1161 1111111(16(16, 0611
1 (16116 1611 1111 1011161116 0116151 5111616116 611 611651 61 161161. Hos
111(1616110111161 0611 10111161 11611 01111611 1116111 1111 vanligen ι11161-
1116116115 511611 611 51516116 0111611 (1611 5111616 1165611 5161111 utvid-
gade. Hos dylika former 1011 (16 011651111150111 1116(1611161ν61116 5161·-
11616 sargada De 11116 1016(1611 1111 1105 6116 10111161 516111616 1611-
(16(16 0611 611(1101161116 16 6111611 116(11111 glest 61161 111616 rikligt 1611-
(16(16 51(101. Ᾰ1ν611 1105 (16 611651 1111 1116(1101111611 vid 101516 &gon-
1165161 1611 afvikande ruderatsfonnerna 1161165 (10611 61111(1 116ςο1
61161 1161116 1116(1 1116(1 (1611 101 611915101111611 56 116161116115115116 ty-
pen.

Utom 866016116116115 11156611(16 1161611161156165 110111611 61 5111
11101116, 0116 5ν611ἓ10116 161111. Ῡ116111611611 610 1 6111116111161 1611
111516611116 0611 1111 5611616 1 51161566 111011111 Πρρ110](16. Hos skugg-
0611 11111110111161 1111 (16 011651 111616 1111116111111606. Hos ruderat-
10111161116 bh (16 redan tidigt svagt 116(161111116(16 0611 16 vanligen
1105 (16556 116 5111 01ν61’51(16 611 11115616, 1116161οᾶ1710161116131011.
Genom 5111 riktning 116 (16 6117611 11156611(16 61 611 Vara langre 611
1105 &friga former. Hos alla former 610 (10611 5111611ᾕ611611 1 (161
11611116516 61 5611161616ῃὲ(1 50111 (16 inre. Ηο111611 61 1105 kraftigare

